dataset_name: 'scared'
camera_params:
  image_height: 1024 
  image_width: 1280
  fx: 1035.30810546875
  fy: 1035.087646484375
  cx: 596.9550170898438
  cy: 520.4100341796875
  png_depth_scale: 1
  crop_edge: 0