dataset_name: 'simcol3d'
camera_params:
  image_height: 475
  image_width: 475
  fx: 227.60416
  fy: 237.5
  cx: 227.60416
  cy: 237.5
  png_depth_scale: 325
  crop_edge: 0